d"
7003311727
36445371700
7004504779
8059795100
7402046257
8743496600
35482471900
54995476900
7005424497
23099753800
7003863102
56243216200
7401886452
55666377400
36087904000
25230285500
7404851530
6701566666
13605496000
56528483100
6506285499
7102866988
7103381575
7406257336
7006387996
7005210900
7006067102
7004558817
36637006400
54899565500
56580944200
8974882300
6603190293
23148952700
7402763111
7202682477
7005048322
20734419800
7101794474
24821130200
55978649600
56137158700
6603182986
16317541800
36856362900
6602104139
6701521609
7003934557
7102031235
6601985673
6602641088
7004817785
54897930000
24482274700
6603477702
7004127530
7005835614
8537055500
16189156500
7005375878
9039728500
56652532900
8050677500
6603131861
37074457000
56063699800
7006858337
56434208900
6603857354
36042305900
53864834700
56531546900
16740130400
7005095398
7102694522
25951483600
6603625665
26647330300
7102806669
7006040753
56550286700
6701346976
13608071600
7101743296
35562126900
7006415518
56066367600
7004346920
7102257708
56321882900
7102198398
55717875600
7102629852
7005275604
7101906717
7004658578
6602622686
56524730400
7004666497
7202375104
7005331258
25937494700
7005595568
7103298355
7004768290
23089215400
6603070646
8271311200
36168734900
7202412220
21934099800
56600995700
56504977600
15726370900
6701584071
56532829000
7004128462
7407332972
7102947356
56216342000
55664260600
8301637800
7102422547
23466456300
6506947139
36614021300
55192388300
7201567247
6602410173
7801589389
6701839064
7202018219
8256230000
56002826300
35448882600
6602820274
7202337862
56541067000
22234827500
25622544900
7102066538
26422778400
7006141045
7006812808
35320938900
6602233008
7003380144
7005944323
55716020300
7004199460
55353861800
51261347900
6506789116
55489856700
38961284200
22948156700
56194649800
56234379200
35449244000
6603462984
6701805940
7003903842
16319275900
7006920889
7003604349
7004423317
6508111282
7004271760
16320009700
7101892862
56128322700
6602943492
6507497803
6701322514
7101896584
7005292300
6602105053
6602572724
56657271500
22986966200
56598482600
7102701392
7401483477
7004265067
7102649529
7004466644
7006747503
7005887383
6507733263
6602426532
7003756338
7007109711
35268629500
6603857761
55712163200
24174400900
7401756610
7402499528
35450584700
55713064200
56350484300
55731698200
7102264327
13604685500
7004476400
23008869100
56489740200
7003443688
35480950900
6603038680
7003861568
6701777885
55070775700
14055994300
7004388816
7004812761
6602405457
9742147000
7003621703
6603826604
35375821300
15829288300
35353377200
35563754300
55718569200
7101814195
7004049721
6505536988
7004572860
56596311800
35571641400
36793903600
56550148800
56540086600
18036646400
7004363316
7003411410
7006037850
8725085500
56219782000
26436356100
56188159100
14045338700
7005891442
7101771671
55625672500
6602909016
55044707800
6602132711
6507042792
6603397477
7201661918
7006235204
7003393802
7007011514
8240656300
7401738392
7003791612
6507963986
12805571700
6701321568
7202620446
35574245300
7004088792
56401560600
26430175700
36071838200
37032039800
6602359439
56519024800
23468490100
7005879809
6701915235
9043288400
56506553100
6603624821
37026284800
56363231900
6701656289
7007025426
7003394845
7005413842
8702208600
7006063404
34167993300
56350638800
47061062100
7005863068
36870001000
7102844967
6505936051
7007171710
56640635900
7005604878
7004186708
7007064858
6506952972
6603703709
56365939500
56270329400
56601790800
6603170810
8104037700
56566102700
35451547600
55401492400
7409195750
6507956735
55672222700
56553346900
7102652616
7003395731
55850695200
9334273900
7102268869
8879140800
7101723071
7003569906
56599558300
6504431249
22836668000
56629139700
7006293888
6602717428
23388612500
7006743676
7003959727
9634378400
7401573539
6701730712
56496249000
8898010700
7402090011
36041315100
7003808544
16302992900
7101690792
7004965285
6603452240
7402717943
7203054484
7006216733
7007116430
7003775876
56468458500
56431429400
7006034871
7006184213
6507247826
56025778800
16064304000
7203082169
7006424536
12809679000
6602094260
6701337543
14320596200
6602912936
12243647500
35236449100
7003285992
35752030300
56590277500
6603783628
25959843500
7005425888
8941895000
23967972400
6603792791
7003596900
35732257000
7404232649
56638942600
7004063669
6603658804
12764480600
6506740402
7202025780
8622890800
7202439609
7006314420
55351052400
7005067870
56260287400
16053169300
56428824200
7102525808
8775523600
53463535700
9332597300
6603066976
55331585900
6602281013
7202731119
7003576401
6701764694
7404364674
7401741650
7004142971
35753222500
56486561900
15725791200
7005060876
7005546706
7006469924
7403217221
24539326000
35414895000
7006299923
55929052300
16303976300
7005933195
36788496200
55400642100
7202137055
7006647061
7003948626
8771660500
7005326255
53985135500
35185894200
56324089400
6701447928
55712926200
35373101700
26636111100
7003509536
7003380252
7402850677
7102322674
35552623800
6603451816
9233678600
35317490800
6701791506
41761886700
56362783900
6701729900
56478514600
6602573594
15842308500
18038896900
7005952003
56435633000
35619791600
6603276934
6701834846
36064491000
56421620000
7003711077
7003955665
35615169900
7005065927
56659056400
7006084145
55555428000
7006125040
12645691600
8380165200
6603732268
14822518800
6508172440
6603600901
6701527848
6603749094
56586317900
7103013582
6602616474
35185157400
6602503125
7004220986
17347227000
6602164026
25621629500
23099613800
35993807100
7410259962
7004257837
10440567900
8629614800
6602544250
7005091275
7005583955
55719316000
7005398271
56111923000
7005116090
24401980900
7403596187
6602868152
6602678755
25961088100
24832688500
7004337664
6507308854
23987985400
6602669916
7004434043
55396518900
7103357626
34769751400
12041942800
7003667964
7402815623
26646530600
9036948400
7006199870
7003654923
7003759248
7403369515
7202439939
56658406200
56134352800
7005016182
55727375800
7103409505
7004871840
7201742078
35407524700
6602302226
56597582600
35421676200
7007134373
6701482417
56567803200
13608525200
56648950000
37664475800
53065188100
7003721053
56056940800
23487555200
7005517998
7201899896
7403051425
7006225787
7003942979
7103076267
8842880100
35436608900
56237951200
24309808900
7006669431
56603009700
37052422800
7501629270
7004857206
56463653200
16039938900
9133369600
56632271500
14020064700
55854308400
8559301500
8612330500
16155557000
23768576000
55467052900
55182673000
13608269700
6507163758
56384509800
55493320300
7006425089
8133698400
7005393308
6602893697
56264805200
6602268913
7101666302
7403485789
7003926640
7402792896
56647862900
7004173435
46062643900
6603287982
9737890100
56405250600
6603801310
6603655132
56601785100
35979030100
7402427136
56247762800
7101654255
7006490776
56369130500
54884850900
6701626473
55498858000
7004447102
55747247500
6507307431
6603447761
34573473300
7005633898
56265406600
7006417207
55461403400
35358374300
6603047956
12763058000
7005813125
7005456988
7004920405
6506120271
7102533570
11940924400
7203063172
8753121000
6701642657
22986387500
16307544600
36627114400
7006520190
14828632900
24735740000
6603658280
7004454877
16203934900
6507590205
7403579651
7202385379
7102619990
7004587440
7006221732
55655045900
6602330525
7401794927
36674020000
6507850748
14070936300
7202450257
6701545458
35589125800
7006092250
35309615200
36800613500
35446671400
7101708604
26425147700
7201562813
6701787139
6603624088
7005268526
7004086356
56452506600
55619313194
12760206700
7006648995
22981981100
7406654812
23969292900
7004705385
27267759400
22984408800
56587112600
7405723754
7004192501
6701698611
6602504774
10144017100
55469000100
6506642536
27172018900
56518687300
6701757972
7004294169
7006561600
56600215600
35551197000
22958013000
7103277797
35262950800
25948645000
7005154622
7402266863
6506405396
24334991100
56412280000
6701530211
55629225600
6603857509
22836015100
55495817000
55178789200
6701774281
6701547637
7203044676
8857481700
7103167494
6603405718
6603020166
7003591212
25626182700
27167939000
6701844463
7006805482
24311883600
7402103533
7004033194
7201892582
8302941700
6507210005
8607431000
7102150585
56455453200
55395553300
35582158800
16436074500
7004060385
7004622834
7101709691
7404485411
26634438800
6601967906
6601950692
6701703321
7102363150
8582809300
6701807328
55875183800
7005941394
55251054500
15078243900
6603010106
56581486200
35317422500
12786973800
55251149600
56229021900
7102006238
7003995002
56541016200
12784077700
35578594200
56325730600
7003790356
6602354102
7003309702
56020459000
35321630200
7005906186
26533171200
18634951000
7502096990
7005670423
7005841150
36851591600
6506998644
35586297200
23101501900
7102607707
7003611575
35765453400
14058373600
7102766000
24740790400
56140535400
7003914877
7004642557
7005901522
7006347978
55550918500
7007172244
35586122700
7005709488
12786293700
6701732081
7101623560
7401970708
56657268700
7405369147
15727491600
8544251500
34770716900
7004740663
7003477940
56659037900
7006688071
35582557200
55256132200
36013132500
6602910662
56393994400
7006549870
56586576400
6603769194
56664662900
7103217148
24482624600
35493834700
7004808363
7005084179
6507177667
7403487443
35485312700
7006804246
36856089500
7004140552
7007158575
6506381189
24586615300
7102052083
7102341691
7003425281
7006591330
6603180454
7005892946
35587898800
55547126736
7004099003
35580495900
7003732501
7201656972
6701923855
6603205619
7007090658
7005964258
7201651324
7007175303
7102013103
7501853873
6603288630
6602671690
24468260700
51665220800
9845103000
7004648516
35078653900
56586617300
8596650600
6603591549
6701689064
24179436100
56583086000
7006503914
56230635800
36741952400
7402085802
6603757243
7005123219
56498016500
6602960347
8128850700
55515957200
7103410080
6701582926
35587217700
7003730778
8940202300
8787435200
7005133256
56494219800
56457403300
56650253400
7404591819
7402410218
7202899055
7003761148
6701857606
7005330886
7003615498
7201643835
7005230427
24779954900
7404769411
56637182600
16645923100
6602641637
7007070964
18438838400
25824698200
56063689900
7004063166
6701719255
6603156928
7005544991
6603415363
55950606300
55555064000
26424684300
6602230610
7005413443
6603080468
7102840569
7006478950
55118521100
35205222500
25722038100
7006799505
36624686300
7004396711
7402880387
6604021796
25655446300
55318847100
7202886680
7003311362
7202186517
6603323741
6603801382
7005928167
6602733994
7003466950
7003542178
35310467700
55209026700
8754426100
7004154505
6602854844
6603074939
7004056685
7101606197
35493461100
7103365598
7006593430
7006397186
56582691500
7005906323
6602070670
7003724351
35184630200
6602356334
55350394400
56594121100
18436926000
6701569818
7402672765
6701520949
16201876500
7003842688
7003918947
8382301500
8568178900
7103253932
55709298100
7202518254
7005400348
55389942600
7202620455
56233121200
6602665873
6701555037
7003830307
16319857500
23029335500
7006083272
7003691160
7407030244
56026911800
7202083815
56117994100
7102865858
35738954100
6601944862
6701722576
56638742600
7403111610
7003324537
51666045500
37046826900
7005345820
26639790400
7006645060
11440587700
55851945359
11540682400
6602982586
7006021300
6601963056
6603658152
7006259724
7005708866
36905314900
7101902889
53879778800
55614199300
37101702600
55993645500
7801590418
14524230600
7003511907
35483093200
14069349700
21742214400
13310372800
35582390200
13609687900
56492620000
6601949490
7101879115
56186681000
35428940300
13605871300
6603763480
6602113999
7404308569
55830003700
36116357700
9335749400
6701611533
56524766000
7004597857
14823531100
7006691048
35548678500
56030828300
55936716300
7404659761
14036406400
6602778205
7004258006
56567293700
6507985932
7102492749
56457135500
6701567568
6602788466
7801367787
6701583327
35474583200
56496451300
7004914025
36012660600
7402127406
55706786400
7005467062
7004106833
56596288200
6504609385
56503166600
6701670002
8119595300
35423675500
7202192715
7005723620
55906274800
7404033813
6602821697
7406927266
6604092307
55098608100
7006121428
35311890000
7003918293
26025772000
7004949392
6603694163
56397484800
35262448100
7101759672
6603278315
56668586800
35380197600
6603600169
12140947900
8889287700
6507755985
7006413018
7202290973
7402257467
7402764679
7005765556
55663485700
56542716400
7402870139
7005527113
56555853100
7404588900
6701750975
8681312000
36065866500
35473496200
55721341200
7006269907
56402004600
23093725900
56423380100
7403115179
6602116076
6602661802
7004701276
7404508459
56660392300
7404778150
56496509800
7003726077
7202128015
7101909750
7003595023
7004230885
6602316769
6507684977
7004206887
6603204936
7004051736
56601581700
7006790661
7005844911
56104618900
7006087712
7005176713
12802327400
56622891300
34975054200
6602142119
26643140600
6603790994
34571762600
56559390500
6603806843
24535822000
7101907113
56428793900
26643373200
6603454327
41561098800
56023705000
56640497600
56601705600
24445552500
6602940198
6506824315
56623966000
7004298132
7003385285
23991714100
7801347739
6601979305
15730210000
7004043180
6603408423
6603947685
55372952500
7202646882
6603126949
7403083219
8631558200
6701539436
56584809900
56657325900
24363802000
6603912843
7005337450
7004675276
6602258117
7005300992
6603174934
7004612589
56408981500
7201649251
35497696000
7101918171
35450411900
7004594101
56441808800
7102904433
6507541458
7006231612
36609513900
7004225731
56056063600
6602515061
7004099456
23469408600
7004400161
56395218300
7101655719
55476310100
56091911600
7005581487
56063692600
7006462978
14827936700
16200711200
16311122900
56059721400
23468570400
8789699300
7102554867
7202474405
56450246700
23037789400
7005065169
55359541100
6603837240
55495846000
6603267572
55670780400
16245813000
56375831600
56664712200
8704069900
7003527683
6506989368
7006481671
9742712000
24482826800
55892961000
7005771061
35355111600
35276202800
6602872487
56429957700
36098582400
7102668181
35431640500
35586127700
9235528100
7102684132
7402154061
9276020000
14018209000
7004293711
7003574421
7103214591
8944981700
44961038800
6506225954
55743121600
26633432200
8855524600
56645664000
12766602600
6602126384
7401940737
55509640400
23033803800
7101625336
7005752044
7201882835
7405945398
22950074700
7004175156
7404337730
6602135899
6603532491
14023907300
6603583758
7202480389
7202533658
55004275200
7006167912
7006162773
22334012100
56482014100
7003854926
56367239500
6602776413
7402848734
56602708000
16744928900
55443768900
7501396674
7006930769
56042394400
7102315993
7401887904
6508187151
8575066400
7202441103
6602970054
7004387571
34975049100
7409095163
7801597161
35932644500
6603948531
7004322034
56217085100
10538815500
6701669688
7003510976
15048252700
56441494800
7408312006
55961165800
6602910723
56161194600
7202644187
38662659700
56624206500
55825923500
8976248700
55261093500
7006291912
7005947171
6603846340
6602781131
56539399300
23991702600
7005059686
6602268477
7003959254
8043429800
7004567391
56435564700
7004303057
56664653600
55458731000
55172440800
56115560100
55153618400
7102640936
7102895639
23390163100
24461489800
6603113799
36068624300
26435046600
7005199800
7006296003
6602543993
7003712729
6701349732
6602628929
6701741694
55348336800
7005803942
6701502500
7006125649
7101701402
7007101765
26635964100
56054434900
35479778600
7102039744
7102266372
7003960130
24470073300
7004583488
6701815789
56236451500
7003487597
55796628631
55351920200
6602540765
7101779774
7006043956
55771024000
56602994400
6603715977
7006520778
55353506200
7404025403
7103203167
56651969700
56537228900
6602422327
56219969400
55989752800
36875422800
56134343500
7101736100
7004465415
56293412900
8599054100
6701339487
7102665538
7203026045
55181651300
56526119200
55624476784
6603680925
56181139500
7006157425
7005800670
36071134500
35516352100
7102937486
7005840012
7003409066
7102780640
7402354109
7003537340
6604050498
6603585049
7004916925
26665959100
7202246972
7401781026
55150978800
6701757013
8780429500
7006538212
55855464300
56587332800
6603870486
56550208500
7004929055
55682921600
6506715563
21734955300
7004567462
14325987100
7003603821
7102658030
7201976224
56637198100
7006425884
56471993400
7005105307
6602289762
7402126092
7401865806
56238082700
8615770000
8846792300
56452406300
7005377058
7403324944
7005274717
55965451700
35248543000
56146739300
7003412124
7004209750
56212322800
24075571700
8948528800
19335306800
6602671331
7003351497
7003405442
7404962043
56023699200
6603001620
7006887083
56640998200
56394095400
7006500855
7004367074
56146226200
6603491722
7202226576
7003514161
56584813600
55569265200
35068309600
15022932000
56601720900
56385683000
21737165400
7201674839
55637756500
56508887800
6602238362
7003401025
55892026600
7406814736
36797856700
6602404578
35377190600
7404841130
6701810732
12545573000
19640553800
7401725536
7801583013
36739540900
56511049400
6602766694
7004122952
6701374678
6701518531
6602164815
7102875003
36040393500
7102270444
7101991490
35480402300
7003909793
56507820800
7006404111
7403885392
6701591541
7102425663
7402382606
56543094200
7003809677
8544252600
6602854876
56405113000
6508152009
7201897759
7007182900
8626154600
56248402500
7005642821
55933306200
7402578443
7004497632
35427754600
35316418700
15071392900
7102993693
7006550678
6602612938
37021166800
7402329141
56552128600
23100160400
14010331700
7004830060
7004524442
7004029002
7006787664
24530054700
6602951705
34771022200
36057349700
8787209800
7102335397
7004148210
7101629579
7402464762
35797443600
6603341244
55075365000
7004329715
36194922800
56385368200
13905130400
7005834611
55810105400
6602796921
7005927663
7101979349
7005990638
7003806957
56603281600
8770494300
7003926608
6701634079
7401474579
56581459500
6508367810
35448476400
7202156654
36492127600
55766056400
35112938200
6603225399
7007160033
22949784500
6506677902
7003994340
25522643500
6701719236
23471002100
55427850600
14007230200
6701530908
7401567180
23092897300
7006913774
7004471295
6506594355
35933460700
56311901300
7102595901
55360754600
6603442951
7003713973
6602284761
6603451125
56148635100
8941682300
7006730373
55948343100
7102498682
7102867840
35305361500
56603268700
7006530431
24448926000
6602659755
55900350300
6602717981
7004208444
7004099018
6603909408
7202324607
6602418743
7007013828
6602886577
56050473600
55084763100
36096758100
56495890300
56638111400
56533335700
23970299200
12782991200
6603298115
36447747400
7003479495
12773378300
7005738313
7401912597
56648370000
7003933343
35433834100
35275313400
7004397406
22836444000
16174781400
7102492815
56508024600
56424324300
56250670900
56047172300
7006524294
7003312665
7005724719
56507918600
36009253400
7005366613
8933585900
12762937400
55715674100
7102242989
7006064805
35339016300
36982674700
7005388617
7005778543
56388071800
23967922100
6602900233
6602974442
7005370600
55973228300
36615396000
20636168200
7003675477
6701509573
55382768500
7006481672
56227841300
22434247000
7003303434
56649477500
55411965100
7005033085
7201990629
7006925150
56566923300
7101912636
6602953402
6602592862
7102474884
6701562138
6701713112
55613938600
7406895148
8958610600
7101916607
7103060823
26643284500
7201690319
7004325203
7007050113
7201449093
6603821527
6603548430
6603886107
35371885300
7007071588
36113914000
55733742400
8067817100
7004516612
23992872500
56089991900
55324803900
7004230432
16304884000
55475336000
13005730500
56416122100
6701477722
7005087483
22955152700
31567531000
56463138100
7005653175
35757362700
7201945112
7403090494
7003315241
6701749891
7004364624
24462285700
7404232019
7006781433
35593718200
24772648100
7102742120
55391430300
56557183800
34975075500
6603834595
6602511180
7102792526
26643185800
56396349600
7006335705
7003637906
7005353175
6508326297
8701678900
7202215645
6701889608
7402570119
6506835486
6603914843
7003372007
7101657486
55543607200
7403501020
6602689764
7103254393
56608501000
7003305620
7202476625
56396319800
7006317905
7006105930
56489425300
12789303100
56396244800
6603885713
7006298238
7006642732
7004222961
6701918883
56583825100
7102428204
7202661641
7003862305
7403610348
7102081010
7006360267
6701814983
56553233500
35429745900
26531319100
56466848900
7005410943
7006984684
35114528900
55628575471
7103298579
7004285437
27167734800
6701738504
7201704107
7404433186
6602789904
6701601365
6603009103
55223309600
24402352000
7101798013
55290870700
35561968500
6505925431
7004880810
14042539000
13606385600
7202307045
7005938449
16317561500
7202674140
55726398000
55572154600
7005237912
7003549424
7004584850
6505629892
7201366505
56420686100
7004026523
6603808391
55401726300
7402534295
35451430800
35358016000
7004146460
55263731400
7102375338
7101603073
6602184020
7103233407
6701772301
25932048400
7006567539
7006593775
7103245136
55741343700
34571296900
56604590800
6506776567
6701630011
6603278912
7401603581
35397403800
35795286600
24281791100
7003693464
56123587900
6602417454
6507233576
7202048178
6604092245
55864551100
7402965653
7202713458
23468553800
56664666800
55190932100
35501804100
56509113600
10139477400
16068177100
36780358100
54683948000
35432536900
8151855700
7006376788
56024787900
6701614198
8771523300
22942055800
55619596700
6603500394
6601987815
7006028393
55501036900
56658575500
56648676200
7202089668
7004117230
7006568810
7004831742
7402080727
56452685500
24464319300
7402398897
7003881786
35918013900
7203007334
8591033900
6603909802
56614625200
26024200200
56115910200
7405756928
7202250580
7401706022
8695429500
7202488235
7006626330
7003737499
6506392319
6506582396
55335583100
6603518450
7006562076
24068284700
56648765200
7005240265
56498007200
8919615300
6603225865
7006932399
6603928661
7004546302
6602002668
7601510850
55160530400
56073469400
6505857959
6701674701
56606351100
7004547805
7101787946
16746411600
7102351980
11738969200
15840531300
7004965044
7003894044
9840776200
22953927700
56186467600
7202995491
7005352571
7405716368
35592445300
6602400335
12781205700
56214653400
15041845000
6701310421
35760909900
7004721247
35508950100
7003542160
56637099500
16027854600
7403975710
55467078600
6602106977
16201997100
7006508246
6603044521
7003381126
35614241300
55819691300
7005498933
56243705900
7004298195
6601986844
56433778000
7005128369
56312351600
7005681420
7101755352
7102605630
6602130641
7003273305
8571525400
36482171400
7005028294
7102611542
7202863188
7103026343
7202469012
56302427700
12446971200
23493009400
7102621057
6602232695
38661101000
55279434600
34871605900
7004187486
6506309268
8767995000
6504397090
24401153000
7004356164
7003589516
24802120600
6701401452
7501682435
55888023300
7006393703
56642556500
7005814822
7102321919
54788003700
7202819011
6507615556
35549368300
6506693405
7004403530
7006298797
35078388500
12790503300
56577599800
16426525200
8740044800
7006650295
7103367587
56530079700
6603158201
7102296049
56572212500
35355682300
7003456756
7403147330
56083220100
7102607042
7501848159
7003320528
6603835264
36747827600
6603740925
56067695500
55717765100
6603483022
7004081642
7203066709
54395366200
6506569112
35889193800
56433805800
56221099100
55612928900
6603426101
6602684208
55255248400
35510995700
7102560044
7006324962
6602899918
56480160400
36064397300
6603904412
7202462411
55969837700
7404264860
7003941934
56513420600
6506701115
23979585900
7003733850
36522992800
7004366329
56399062300
56582736800
7401929545
6602258560
23492349700
34873471600
8658456700
56410470900
55547118513
6602850549
56644435500
55999409200
56270896600
8867344500
21834034400
7007087298
56260468000
7201610418
7006383274
35487368700
7102811283
35480610800
6506005156
56472192100
7403232889
6505793695
6603141059
36717559300
15843014700
6506846644
6602133415
55669462500
7405942378
56338723400
35333446300
35366984200
55588839600
6603830158
7006988482
7007121169
7202137794
55663724700
34979516600
6508205640
36911896500
7003848696
26643264800
36903063500
6602598544
7005846043
6602081430
7006003790
56243595000
7401977169
56402906100
6701765825
6603284580
23568078600
55948450900
7004862261
35194232100
6507392607
7003898318
55411664000
7006909659
56415332500
7004276955
56654818300
7005781054
8508025100
36090084100
56459682000
7004257472
6701900483
56076517600
35464792800
15727080800
26662989900
7101757145
7006787526
7404891407
45661583000
6603768209
7403113724
7102749121
7006944858
7006496108
56587537800
11641145000
7005587916
6701846614
55242654700
35230484200
7102972203
55918889000
6602227991
55443792800
7103249629
7203022268
12144065800
7201781389
36143352900
7005645237
55897323200
7005091446
6603628968
12768919400
7102171624
7202824473
36893854700
56648919100
9635375500
23396557400
54790626700
55411648200
55412706800
6508177711
6602737749
15620960600
56626758700
56519665100
34572938200
7003689751
56443243900
7004300617
35307846600
15835219200
56463403600
56613074600
7004397938
6603367636
9037618800
6602091852
6603606136
26642868200
55976959000
7004412443
7101736550
7005222591
8834590400
7007061241
53064014200
55898434700
36436934900
7401836359
7003529997
7005161474
56187905700
7006741463
56514689600
7401559747
35478289800
7101747082
6602387651
55367904700
56499992600
35507966200
6603336483
7006311778
7102906986
37095442800
7003803446
35489036700
7005254600
6603949572
7006714975
7103374507
7003986654
26643582200
7102446083
7003879264
55888840700
16238492100
8371387200
26643157200
24335833700
56553239900
6602657714
56452380900
6603994353
6701837647
8277317600
7102966539
55937497200
7201701101
7003271313
38060964400
7201846419
15062438200
55320691100
7003858146
56349610300
55547211200
34975380100
55879701800
7202714699
7006834581
24082029200
56472155700
24337458000
7401674940
7003268438
37100868200
7201552012
7403063349
8244322300
7003316850
55897057900
56514306700
7102091185
36981210500
7003534902
7006820008
7003490940
15060926500
7006443901
7003326178
9844896700
6507516114
7403344622
7006558045
55363309100
6603437559
55319118800
56526088500
7004017162
8584978600
12766580700
55932598900
35569384700
25723402400
16240662500
6603047526
26663097500
7004213449
6603574910
7101791844
7103243705
56656671400
55524110700
7101619928
36854299200
6505878570
7410089564
6602146052
7003718328
55962114000
7005523815
6701748695
6602422166
56042438900
25028061400
7003679543
7005212227
56452482400
7003881892
7004992356
55245350900
6602898341
7007010524
6505854090
56026268500
7402321507
55190874800
24823735700
56500237800
7102219950
7406506879
25947628500
6701662293
55329916500
55237180200
7004557466
7102521601
6602667335
7007067103
9043890300
6506924143
7006887562
7401505962
56524145800
7006547186
16066582800
18037019800
56094625800
22636516900
6506347493
8121615300
35249133300
7006573285
36068454800
6601963053
7005721137
23493430200
7402761292
7007012434
56510374100
7006955230
7202359060
7103348541
6603322600
8508931100
55264210100
8159178800
7402259735
7004439611
15842195500
8966004000
6506563214
35577728700
55667066600
35604073500
56651574100
23993713300
37068436900
14829233900
36065022600
7203013846
55974427900
35237521300
25225437000
8886044200
35290994500
56603024400
7403200273
36151215000
55159889100
7103034169
7005898472
7402863482
56582727500
8567604600
9239101000
7003824401
7202142345
6603754633
55486299100
36059775900
7005582799
7005525507
6603221869
7801626207
7006791952
56614488200
34571062100
56541127700
6507453938
7004626451
7003725273
55398853600
7102652413
27567823400
56056651600
6602477996
7202539072
7102641968
24369852700
6701312277
55293790300
6701818367
7006167700
10339187300
35553491000
9433433400
7006386360
15057771300
7005526940
6602248654
35507973100
56645124300
7003286476
7410332979
6601922014
7005947655
6603460679
6602197103
7003713101
7006235742
7005337290
35353139700
55200793600
6603699788
7006326861
6604037764
56435433200
7401528637
8924972300
7202674619
35572189800
7004871184
56238858800
55748698600
35492898400
6701372004
56556971600
7005976265
7402148093
6601952707
35430722000
7006666051
56558956700
7202996745
7006374879
55962484900
7102434344
56530426200
35312063400
7402918452
7202510996
6603755001
8262389400
6507446447
7202869576
7003754967
6701543231
56429123200
35281309500
7007130840
23110748100
7005668331
6603051381
7006821001
7102611690
7006274463
56433790500
8065612800
7006803448
7003708933
8731004700
7003387183
7006528241
7006483714
7005451581
16549616200
7003894254
7202729069
35556607300
56397758000
7801556566
36062947800
26767978100
7004098687
7403906086
7102710025
26635865900
14035624700
7006294703
14831014300
7102952403
9638159600
7007018526
35463453000
7005716444
6701850900
7101795943
6603812799
24779672500
7403051834
35073558600
22034087100
7402373123
7005211977
7006338507
7101655251
7007020213
7007148497
7101665795
7407191530
6701378751
55475137800
6602949356
56463314500
16468394400
7004144530
36119176600
23006692200
7006302528
26664875000
6602102550
6601987431
6506893246
7201905167
7004169205
6601959687
7006523583
35230820300
55831217000
7003269869
56591834500
8876008200
35303516100
8211410600
14819649200
7103381850
56395969200
7004650062
7005894619
23491803400
7005272665
7102725670
7004411568
7410083689
55714762300
7004288424
6507886039
7402859192
28167863900
7102863523
6601962863
26867844000
56037748900
56219276900
22835013200
24528434200
56516428900
56274036900
7003655058
14627792100
34975080100
55605778648
7005501548
56647302000
35498952000
25960130600
7003949377
7004553105
6507984283
6506432374
7006258831
8914963100
7005070569
7202973256
8747240700
7006431430
56587648200
56526212400
7102868438
6602917464
7402532346
7004023887
6603800669
56514485200
55735407000
16177314100
24318493000
7004649521
56359500100
7005118766
6602508679
56183996100
15832174200
56553648200
7102996746
7005237574
55432895900
7003479971
7401925365
56544205800
6603555314
55886958900
6701470537
16146090000
7102004524
56591277200
6603870315
6701696420
7402134515
36180980600
55468038300
55160997400
56177653500
6603827285
7003880284
36768705200
7005038984
56413368200
24428496300
7103206528
7102400443
6701820929
7003364927
6602899116
7003722882
18934773100
56460819100
56070575300
35315887900
35104749500
7102487944
36989103700
7102222862
56601717100
14321750200
7005409559
6701360547
56529968500
24458783400
7005439292
13612749300
22634706400
56563621700
55770851600
7409115023
35379008500
7404345449
14523457000
14060780400
35394634100
56651302500
7202691479
56473735900
7101728061
7005735585
6603571432
56258331700
6506492815
56509092700
7006059474
8682575700
6701611987
56603334600
35600910400
6602595151
55630806900
7402434804
6603222306
6602184882
12040628700
23061087900
25927091400
7006139210
6602147109
7102569209
7006321466
24314996900
7005187198
7003456620
56583679300
7402045417
7006266454
6506337617
7005387752
6506264116
55878513600
6505795291
7102037679
7003648123
6603824824
35078030600
56501089100
25922837500
6503954233
9737476700
7006356550
6604057254
6701791584
6602552096
7004902894
6505950971
39461012900
7201558767
36805098200
23033422400
7004054910
7102946518
55112758700
7006584631
6603487679
7005636301
6603076675
56508591100
56274944700
25024309000
55418534900
6602922285
8621663400
56500874900
6603446760
6602447829
6602637454
10040025700
6602821349
7202437370
7003477070
55612400400
56118514600
55350508900
6602785885
6701724207
7006185857
7402906543
6602694047
6701539097
6603315348
6603023190
6601972435
6602585212
26643249600
6602685535
7003442169
7004256843
6701565582
7006039432
7004536195
14034892600
7004746731
7406375162
7007079011
7003465282
7003318447
7103278568
55613228617
6603622422
7005955229
6701420607
6602233595
37022000300
56527827800
7006534581
7005460744
9845534000
55411063700
56257210700
7006498441
6701769422
6602787813
55482592100
56193157600
7408348918
55605776242
7006222223
7004310387
56531597900
7402742158
6603214538
9739235500
55762892000
6701543076
7005212329
36461755600
55427062200
16200214900
7004223770
25722961200
6701368559
26634858300
55266505200
7801692388
55782445400
6602759437
35318479200
56610912700
7401536999
35068005100
7102415336
7404725677
24381836200
7404792924
16309263900
7003463308
6701542947
6603244606
23984400900
56628042900
56556565700
6701323920
56251732700
7006654354
56646198100
56499651300
56072041400
6602196808
7005365066
7202493819
6603810293
7004632902
6507377478
7006449529
6602291950
56036521400
7006254846
7501491111
56380976300
55637413400
7402211257
12788693300
14619765400
7003902388
6602328728
8972625700
7005009108
7102883761
8956705000
22934026000
6603740062
7401532639
56294760400
55954987900
55719247400
7102551109
7201832557
12797640400
7006771609
7102228036
7003393435
16448886200
16168041200
56497253800
7004709497
7003830719
7005313518
56240186500
7005680001
7801485482
15053014000
35330310500
7202498895
7005172337
7403929506
7404002288
24369982000
8524255700
35566052100
6602935663
7801508951
55764704300
7403369591
7003385420
7102035303
55365316700
35567044300
7003467026
15048305500
54990453200
35581161300
7005616803
26028456500
56014960000
7003339690
7005487088
55764320700
35311759600
6603018761
36645748400
7005922845
7004436826
7202447844
27169633500
8508632700
35552327000
23978630700
56492315100
24598913600
7004698455
9249640700
36080215500
56386414100
7202565521
6603145277
6602352583
35576194400
7006104318
55332865100
56457257800
7102185561
8059075500
55493375700
18042409300
7004002270
35512342300
56395699700
7003865208
7003391785
7404164396
7005642427
8706548900
7004692074
52364796500
7006743946
35428754000
7407143813
56631482700
35580308900
9039364100
6603927938
6603010270
14025508900
56562498500
23005379000
7003597738
7102832316
6506620066
35593311100
55586195700
37074342700
7005406818
6601933310
56421478000
7006797080
6701528442
6507801380
7005820790
36491375500
7202150358
35974114800
6505808567
56530254900
55200476200
7006630260
6507867502
35496711300
7202171009
7403279222
56240835800
6701835660
35360738200
7004342194
7006864301
56525578800
8426868700
56453693000
7006294449
6602176337
55539495500
56215810000
6701368229
55199755200
36824940500
6603941717
8914879900
6701791593
56664689800
55769747016
7005228076
7202381167
55628539916
7006198647
7004185407
6603754591
56651384100
56624236600
36521194400
7006021776
36972511000
35512619200
7005855074
55547103218
7004804270
8908521300
56435391200
6603187738
7003500274
8148127000
6701773931
7402585423
35103278200
8866550200
7004373654
7004315630
56406123800
7007171558
56278518600
35955814100
9846497700
35269621400
55737039500
35414140800
7005241654
7005912232
56450094200
55206153700
6603694152
6506596646
7006533543
22993885900
7003668360
55280624900
35493969500
8410326600
14829519300
7004715724
7004238296
35793094600
35228927000
26325059700
23024383300
6602135047
7202890501
6701813286
36071754100
7403895260
7501676492
15048645700
54948231200
7103279900
56481017300
14419914600
7101843567
6602661309
7102267009
55706479300
55819053500
56020346200
56529115200
7103383586
12770070800
7102093364
7006735265
55581700300
7003652363
7003683664
35568253100
6701849890
28567551700
35450613600
7006694559
56370719000
6505692747
55636321100
9272956400
36042037400
6603320925
26121270600
56519044900
55538730500
56525393400
34668561200
25629213400
55403404100
56651595800
35249418200
6701679424
7102603348
7005981423
7003469597
7102073942
7005704548
35463454200
56557808900
35309888600
15847518900
7003943305
6602316707
7004048164
19434717600
36863769300
7003979770
55172802600
7202095090
6507921221
6701650128
56557370300
7402247463
55973180000
55574827700
6701756862
6604015001
7005957855
22951505300
7006266169
7003414788
6602914616
16436175900
36046651600
6506038410
8057936400
42662377300
8967054400
55608259400
6602241148
16174758600
7401953021
32867959300
56249010400
55929082900
23491518100
7007110415
54979325500
7004932146
7003697968
35199795200
7006691910
7003815556
6603906922
14030633500
7004521643
7404190574
7005521426
7006914663
55937250200
35565260600
56493795600
7004257315
7004669829
6603234639
7003855044
6602378042
26642962100
7004465799
56459596900
6506352212
55741030900
7004529070
55589624000
56480031400
7103024898
16303696500
23474098500
7004441779
6602988296
7004151595
7202776785
7005946556
6701743906
55926434700
56609487900
55237769500
23987683600
6508242472
7007115371
23979137200
7005679550
7003574315
6505957685
54279614700
55976189500
6603360614
7403658398
8541824900
7403974107
8240678100
6602980158
7203077089
6602915344
6508084744
55845419074
7005729624
7101865393
7004384052
7004373114
7005419715
6602786222
7004173845
7003284294
7102057989
7401780728
7006039454
7004821189
7006166746
56286603300
14023429900
34880327100
56559355700
7003929933
7006571110
7403311578
7003276084
6602717972
7402067232
24830887200
56420201300
7005553046
15039300900
14018383400
7005414647
56382076300
10639238400
22035281400
6507663585
7004318896
55834023000
7003989650
6602346810
55410663800
7005001291
7006221076
56197944400
7401828766
55952709700
15064931700
16159369700
7004398201
7004374423
6602185260
55405148000
7004929040
7006700454
34571079300
56567454400
7003520430
7003610298
55197210600
6602475905
6603280326
55424278800
7005114895
36487891300
6601970622
17344076800
36949582800
15843792200
7004913699
56248381900
55995998100
8724552100
6603546665
8933324200
9043244400
56637902100
7102408893
24450177000
35493874900
56432473300
55722432100
6701594152
35264238500
7004493838
56218412500
55891127100
14619690900
49862417000
7004789457
56471279900
6701628107
7006477621
7201639143
7501964134
56582801200
7005666127
7101739593
7404775719
7004028668
7102111966
7003442852
7202027539
56516473800
36679214100
8951002400
8892801000
7005319619
7004926138
8626254600
6603222973
24333069300
7201580617
35241212200
36458048900
26646951500
7202854826
36868249300
55565411600
7005759626
7502095473
6603453185
56503397900
35237086200
56533235400
56438062900
56066374500
56098355000
7005926948
7007006465
6603575074
7202353497
34570395200
7102594100
7003507957
25636632200
16040457700
7005393865
7004765190
6506880231
26644137500
7004627245
7202956056
7007010854
6602501517
7402661080
55333368800
7005207779
7006227010
56385285900
9038803000
56000763200
6507803903
56201762300
7004089483
35350708000
35725809900
7004176182
55324065900
7403583880
7402523053
7202081488
34975525200
7404194406
18041574700
56293350200
6602120347
6506472803
56612747900
6506230723
7005970188
7005150129
35113070900
23501669900
23981242700
7006708622
56197583900
7005294334
55433062800
7101622666
7005622755
6603103942
35485863700
35463736400
12774204700
26867578500
6506558064
7406327695
6507233782
7003388005
54405726300
56516258500
7006416842
7006162839
7202385662
7004713345
17344398600
56494130500
6504572288
7410395494
7003522530
12809427200
55628550110
7202254226
35336030100
55972043900
36893276800
6602556543
7003850677
23989958400
55749883600
6601954753
7202060582
14829923900
7801627483
6603158596
7004557270
7004866559
7004671795
7004377107
6602874845
56227929200
56375284100
6507548784
56069304300
24922692200
23473804900
55344866500
12645697700
7006362839
8968458000
8949049800
7102564803
8310303300
36064579100
35075529300
56591148700
56637067800
6506140026
7101916085
6603571073
7004570493
55291421000
8378154400
23481897400
6603849613
7006495627
16553208900
8627821200
6603647412
49863691300
56548264900
23397574400
56251032700
7003989311
6603194458
7102682741
55936466200
36779484500
7404939006
56450149800
7102947766
56562421200
7005303954
7004132091
6602261302
35547457600
22633921800
35412583800
23018537100
6602194932
7102027723
6602258661
55934303000
24587496200
7102879479
15840830100
24492446900
7004544595
56250196700
56402106600
56578000900
7004263810
7201631902
6507242314
55237045000
9039099400
6602382577
56130259900
7102495054
6701819679
7402830029
7402394770
24587229400
35599900500
55788203800
55236848200
35402292000
7003871149
56566088000
6508110357
21734443100
7006255216
7202294724
8524459900
56564259400
7801642567
6603949880
6603307356
11838940200
7005551115
6701457909
7202584047
7402498376
7006715584
7007035143
7202376096
6603294472
55650322900
55919277200
56273347500
7101750869
7006279869
7402616081
6603396361
7003798470
6603905212
14025198500
7102195361
7006844905
56040584100
7103034180
56386881600
6603581864
55759510858
7005103357
6602734248
8983741300
6701457007
56435090500
6603285111
36055957900
7102398338
7005640392
56033666400
7004743600
26643233400
56147267900
6603098087
56179458300
35740001400
56226902300
47861819000
7402458350
35769557400
24463599800
7401435679
7003671522
12142854600
26664058600
56659293900
10340317100
8638940500
7004878474
6601987740
37094399900
13609778900
8547715200
6603442648
7103324573
36071776000
35274525300
12792471900
6506338702
35247781700
7005392840
23991341700
8591479200
7006293072
55929807500
6603009678
6602124949
7201670001
7005948234
6602859476
6602074131
6603485316
7004635299
7202512757
7103104648
12769577900
24333539900
7003960948
6601963804
7102859023
7004973219
7004374984
6602706305
26424160300
7102314304
6701876375
56106397700
6507028554
6603119738
56621702600
34873792900
7103024683
55375527500
6701728129
24368890600
6603747016
35484787300
7003364568
7003977653
7103297143
36062759700
7102965593
56323622200
16199992400
7005080442
55685480500
34769582300
6603045217
56601727200
7003909787
56497308300
8552460800
56417075500
8272521300
36990739900
8054383600
6602944218
35452449900
7004880433
7003806123
6603876931
8594726600
25652497800
7201491609
7101620795
7006609498
18533849100
6602504387
7006284364
36933634300
7201867471
7006765317
55426020900
7003717606
25633118600
55390314800
24462825900
7410392570
7202185641
10241346800
7101878857
7004656567
36065356900
6602173207
7003601778
7004235526
16202455700
8221414300
6603788191
7003446416
7007080103
24534524800
55733717600
56304524000
7003652361
7005971932
14019353200
7006142228
7202644106
56662670000
43761337300
12771427400
7003751368
7004340761
56003106300
6701477096
6508339221
7006055849
7403561699
56556213000
6701719662
24448317100
7403316375
56542348300
8869061400
6603380146
6602335502
56372556600
6506858738
7007083712
7201621156
7203019085
6602572433
6506775788
6701631254
7005250225
7404402971
6701521023
36823007700
7006262846
7004439121
15842160700
6603854515
7006435015
50462724300
7006906286
24471011800
7004130364
12753120900
7003728715
7006558610
55921248200
24734178200
8062327000
34971971600
6602191941
55172605400
6603400990
56664686900
6603388183
6507478256
6603595848
55145943100
7101793798
56500799700
7103332689
7005933601
7403445239
8767548000
8515838900
15053341300
7004686218
56047768500
56079573700
7202196861
8637180800
55453044400
55665496200
24330109200
7101880999
7501439638
7202883361
7201410768
7005493194
7004614366
7102486937
7101884387
6603125132
10538800900
8451251900
56247564400
6602196210
15848870900
7005828774
6701851963
6506617704
6603250068
6602802479
56555527800
6603701619
8749778900
56587919000
6602885447
56253635800
7103307089
7006468795
6603874115
56606337800
35896586500
7201935620
6603698176
6603940773
6506040836
8708847900
6701825178
6701876126
7401723268
55498628000
7401776426
24563860000
6602306790
35272037700
7201373562
6602678275
6603534031
7003605177
56567117500
14060798600
55519867900
7005994312
6602136075
21534283900
6601950697
7403404346
7005662292
6602098042
25960359900
7101964594
56566891200
7003969695
8881712100
7003693343
55675121300
7101754586
7004142082
7103249650
7405628392
55464999500
7006799695
6602861264
8244310700
6701544254
55389593200
8068043100
35971985700
7006259647
7405249022
56078212900
7005827547
36508478600
9840557400
6603030501
6603542971
56583980300
8759218500
7202772032
7201787181
7003911332
7003455694
56277805100
7004563871
7004030496
7006590752
32067451000
56568521900
7402844381
22135968900
7202669244
55177663700
7003732870
7005850941
9633274100
7003515330
6602736963
7005261198
7101625428
7003888273
6603154717
7102310278
56601755000
7103256462
56114711100
35567376800
13003145400
55417379700
7102607714
6602555792
7102749309
56603269400
24470564300
56510785100
39863810900
7003523646
35242710800
13407386100
7006589089
7501857830
6602696654
7004201815
6602326154
7103103996
8376851900
7004581948
14009643800
7201511284
7005179252
7102916073
6603761536
56603256700
7006539378
44061894600
23494027500
55908619800
6701595113
12544616600
55644002874
26325449700
8938988700
56489958100
8890139400
7202272250
8590460900
7004631867
55879942300
7102676725
7202085558
56471248000
6603585312
14056524100
7004921737
7006421207
7103060822
7004034415
7403980430
56276238300
55974474800
7004944570
7006627134
52864035200
7201528355
6507663389
7005901970
56482849000
6603899941
7102781652
7006378258
16316632000
56601497200
6701437339
6506041419
7103327518
56505944900
55890990200
56628203300
34769736800
7102710006
6603839099
7402914922
7006694600
7102152073
7202960061
6701562105
7003933090
7102996154
37162341800
23100240100
7004536186
6701823573
7101701083
6506737017
6603813790
35595960300
7401780993
7401729999
6603708875
7006264933
6701815547
14059612100
7004645742
56528447900
26647787400
7005936511
36017605500
56197694500
55536942900
56448388300
7201528614
7102010226
24779087300
7005920322
6603374907
7103137893
7003360412
36194668400
56454774700
36094540500
7006110167
7201836470
56627927200
7201384385
7103383672
55718814300
7004285025
7102431895
6505930457
6701826509
7003546720
56609553100
9532683500
36960670600
55567732400
7403035850
26667883300
56314921700
6603555672
10039901400
6603037054
35451025600
8736728800
7003777863
56591349200
56463392600
55151603100
23474107800
56207358500
55810165900
6603951771
7201759503
7201640283
7005938062
6701483419
6602096426
6505804884
56470919600
55721571300
55422066300
56449659400
7102295904
6701619866
26642875300
56063681200
6602568389
39362208300
6603710543
26643637600
7004762396
7004500627
6701382916
7003966935
7406239195
7006766021
12771147900
7102447366
55758464800
8557908600
7006031095
6602088094
14008463700
34974178300
6602651923
7003625875
7005018829
7101845480
7403492966
56664638100
6701665121
12762323800
8726172600
7003363548
7003701111
7007053912
55628133800
55957264800
17134631500
55508587200
6601960306
6603551588
23005241600
25952716400
8656482600
7701310371
14822697200
8907573100
7006083077
7006940689
7004337681
7202632707
7102399300
22941627800
35554250800
7005886827
35551439600
7003445480
7004263798
7004687515
45761066300
7006222021
7003270150
7006737348
7004508874
7006624039
56422711700
7004615388
7006090281
6506946174
7004692060
7006046907
6603563144
7404765536
7004275131
56452031900
56079270400
56585327000
7005774339
7006638975
6701550404
16426670300
7403579894
56431873500
55566286500
6603957690
56596180600
9747106900
9740148700
56437215200
7003743787
56430089900
18633991100
7006524835
7501383844
7406697665
56347687400
6604054522
15133386200
7404566608
23480664700
55433632700
23474796100
7005735378
55936464000
16183649300
7005676226
7006721534
34770926700
56524718900
55856467400
6603963094
24464476300
7003500808
56396323000
55696881400
7003910632
36130438000
6506561043
55389821500
35764371100
56587594600
6602361065
56573700800
13103331800
7003906868
8677522700
7101810385
24498942300
55546292000
55460230700
7007186040
7406316441
7005061515
7102801340
24547667400
6603479164
6701491362
13103841000
56224941300
6602446414
7003480060
12240769100
7102398899
55150432100
6505842346
6602996520
54791220600
7004670725
16686435400
6603734514
36042140400
55412802900
6602584036
7403137540
7006651656
55586024200
9741573600
6603700454
7006609695
35857661900
7005320328
7401654657
36802198000
48461239200
8563612800
55406145800
7101941822
6602092099
7402435293
35091653400
7005847722
8524829600
7402353952
7101726642
35893866500
8905764100
6603312653
10340985700
7101708213
36048418300
56000786000
54382506500
7003832990
26643419000
55940023700
6701822555
6506562559
16401964900
7004412033
7004120370
56132055700
7005087204
56457604200
15749830900
56586346600
35068692700
6602806116
6701720445
6701548027
7201923030
7006013890
8270565500
7402950344
36046169900
55031825700
56564182300
35846780100
6602426045
7005886509
35379064600
7801359257
7004506319
7005249256
7005431277
7402605131
56509944400
6602365841
7005574519
7006476904
7402236618
56309020800
56468305000
7007026198
7003652573
7201624595
36890995200
55984030800
54790586500
54581610200
7003371382
8689121600
54390576500
26638595400
6603139350
35372254600
55727010900
23466617900
6602069591
55924322000
7004424559
7403061531
56228517000
24759231300
13409996600
7005756764
7402478826
6603043684
7202607219
56601812500
6701322621
7101724540
16403399700
7007117671
7103060508
7006354960
7005927424
7102467504
35176690500
7006531465
35486404700
8773131000
7101689843
12797467600
6602923938
6602505981
7004652928
7004972632
6506920234
6701567974
24281282400
7003946789
26321266400
14123610300
35510096700
6602567316
7003440723
36805404100
55722967200
9841437200
7406224496
7007004135
56528653400
56027158200
56074151600
7402223584
21642448900
35509536700
7401526203
7404482501
55781409900
6701474322
55973996800
56175142700
7005937974
7102804988
7401641961
7003331093
55894950300
24179256800
55412134100
7004587938
6507839271
56472521000
7004027019
7203020323
54928823500
6701860008
7102615743
36188210400
7006011445
6602638688
7404836315
7005158055
56070569200
7005838804
7402137498
7003859524
7003425825
6602784559
37029396300
7102851207
7006783940
7004835587
7402395989
7101852707
56189383900
6602646021
7006793759
7004587895
36631834800
7004379154
56598408800
11240065900
7101777058
8636542200
6603823694
7006827307
55568781600
7403868284
7004132065
7404833442
35425298800
56240372300
7005773603
6602908124
7006829153
56491333800
7004430830
56368863000
7102169864
6701810094
7004889369
15751189100
7006981395
8306015300
7004818900
6603162371
7004226392
36237078000
35236783600
7404184892
7101961769
56441118700
56019851000
56650179900
6602429810
7003484820
6603905288
6602166700
8093511900
55495839900
56165144300
7006131268
56659251500
6603916111
7102145750
7202744819
55409540000
6701716232
25225830600
7006822550
6602661109
7005575001
23098383900
7006673340
7006163839
26324383500
6701411527
55725167100
7003473148
55229940100
55947672400
36196943100
13805478900
23978614700
7003500797
55357792000
6603915270
15219142200
7006692032
7005836132
7501846300
7003793066
7006498298
35279969100
16234539900
7403309496
24343193700
6602415153
6506593417
7401693224
55557090500
40360896600
6602635931
6507758017
7102250529
56116871400
8745451200
8967973000
9241506600
12772042200
7006726820
56624089300
6507025257
7103304296
36338277400
36241702300
35399029700
8953499500
7003309850
6701730185
24457901900
56625718600
55681882800
56442394200
6701792315
36109961600
7406186210
6603410360
56095324900
7005551370
7006147778
6506299508
56601813800
6604001595
6603625150
8703418800
56647876400
7003419527
56455835200
7004026568
35301722700
56030522100
6602437042
7102735819
7003994733
7003843856
46062283200
7005621807
7003369233
23099334200
7102135944
55932259000
6603278141
56357978100
16448349800
8954779900
7005160627
6701780574
6508062130
55197998900
7004529526
7006085495
7402719514
7003892593
6701496122
34976245100
7005310073
7003363172
6603892769
22985035600
7004321581
7003793656
7004116373
6602286653
55408759900
16027885200
7202599958
7005276044
7006518763
7006148651
7103133222
35407183200
7102863281
6604018654
7003996532
7006599838
7006802779
6601936191
7003670502
26767995600
6602342446
6602818190
6701584655
16306988200
25027031800
56479616800
6505469862
7102689445
7003910425
7005261601
37082089000
6603049689
7101810697
24390610600
6701787046
6603701248
7005537267
7102702660
7801566093
6602239621
6602648141
6701440110
56524708000
56427616900
55771046500
35732165800
7003337866
6602952764
7004025792
56567442800
7101935625
55945444100
6506988404
7403443219
56601668000
7401993744
6602235706
6603885192
7102295396
36898132300
35748500900
6603799079
7102387167
55576023700
7004181973
56548495900
7003815238
7004331792
55317188300
55980065900
7005119281
7003814661
7202851152
7006992110
56260554000
6701921601
35237867900
7005154102
16640578400
6507566063
7006624654
26643324000
7601602505
56050483200
7103071556
56372056600
7003946007
6602855589
6506224417
6603062552
7004546122
6701799662
6506228680
56011707200
35228994900
7005468805
8757601500
6701429428
35277162100
7006054267
7202540118
35518650400
7004670001
7003543010
7003405220
7003758879
6701660104
7201640221
6602074839
9333241700
16022602300
24512752100
12240845100
36142262800
35448956800
6602353014
7004237224
56336102600
55798836800
56530242800
6603010837
23468631300
7402788683
23006825900
9733160200
55914165100
56548164500
55719518300
10640144800
7004246809
6603958565
7101993331
56597631400
7003805778
55960978000
6603708168
6603260128
7007004243
7406815685
16202309900
6603856358
21739449500
7103244113
56438801300
55826221700
6602591398
6602697790
55141874600
9132965500
7101750904
7103363628
7005441995
